200	8.76388
201	7.91481
202	8.44116
203	7.65029
204	8.10211
205	7.55079
206	7.33099
207	6.92562
208	6.21398
209	7.13916
210	6.66227
211	6.4883
212	6.64078
213	6.66284
214	6.80319
215	6.95607
216	6.77484
217	6.70832
218	6.87707
219	7.00171
220	7.2395
221	7.39031
222	7.57259
223	7.68387
224	7.84162
225	7.91258
226	7.91671
227	8.35903
228	8.5349
229	8.72394
230	8.80747
231	9.02852
232	9.17642
233	9.31023
234	9.627
235	9.72248
236	9.49274
237	9.82118
238	9.71266
239	9.71765
240	9.67663
241	9.60289
242	9.47744
243	9.5404
244	9.10998
245	8.92581
246	8.90823
247	8.65427
248	8.3471
249	8.1228
250	7.77765
251	7.45618
252	7.21248
253	6.90077
254	6.60244
255	6.60444
256	6.25486
257	6.14037
258	6.01603
259	5.88368
260	5.71584
261	5.59126
262	5.58934
263	5.42751
264	5.50961
265	5.34244
266	5.43547
267	5.35558
268	5.32709
269	5.25367
270	5.17655
271	5.27218
272	5.1263
273	5.137
274	5.12594
275	5.14025
276	5.1341
277	5.079
278	5.08441
279	5.13617
280	5.0634
281	5.17095
282	4.88893
283	5.02123
284	4.9196
285	4.94885
286	4.96934
287	4.78508
288	4.90138
289	4.85686
290	4.864
291	4.81321
292	4.71269
293	4.68746
294	4.81116
295	4.72565
296	4.55296
297	4.68503
298	4.75895
299	4.78396
300	4.63031
301	4.61312
302	4.6332
303	4.54648
304	4.43616
305	4.57152
306	4.42545
307	4.41324
308	4.46656
309	4.47516
310	4.40858
311	4.3635
312	4.25874
313	4.36288
314	4.3873
315	4.43655
316	4.35224
317	4.40726
318	4.27464
319	4.42998
320	4.40748
321	4.31149
322	4.16904
323	4.2665
324	4.34127
325	4.17127
326	4.3046
327	4.17224
328	4.27005
329	4.03056
330	4.29367
331	4.25767
332	4.23974
333	4.22654
334	4.06349
335	4.25671
336	4.35509
337	4.14867
338	4.15832
339	4.0619
340	4.31415
341	3.97545
342	4.18369
343	4.40199
344	4.16216
345	4.21782
346	4.1614
347	4.21986
348	4.41291
349	4.15498
350	4.9425
351	8.96775
352	6.14129
353	5.06161
354	5.44059
355	6.13222
356	6.14728
357	6.83052
358	6.48537
359	3.85368
360	8.02016
361	8.03759
362	7.84137
363	9.46017
364	10.20979
365	9.88966
366	10.24411
367	11.19429
368	13.01854
369	13.01441
370	14.08994
371	15.261
372	17.26052
373	18.25918
374	19.22712
375	20.8177
376	21.84996
377	21.56333
378	24.84787
379	26.16425
380	28.5239
381	28.65977
382	30.25687
383	30.85046
384	33.16271
385	35.42994
386	35.02405
387	38.24226
388	39.35939
389	40.15936
390	41.01897
391	42.17262
392	44.29645
393	46.05151
394	46.24932
395	48.13157
396	49.46373
397	50.9183
398	53.40284
399	51.79434
400	53.80079
401	54.91691
402	55.08157
403	55.44725
404	56.7871
405	57.92205
406	59.00065
407	58.56076
408	60.684
409	60.69738
410	61.91568
411	62.92207
412	62.76916
413	62.47289
414	64.70466
415	63.40039
416	64.65112
417	65.06243
418	65.42689
419	65.54385
420	66.64966
421	67.04544
422	67.06532
423	66.36068
424	66.00447
425	67.27834
426	66.86343
427	67.44874
428	68.12311
429	68.29686
430	68.62952
431	67.73982
432	67.58138
433	67.20181
434	67.80999
435	68.15305
436	67.69172
437	68.01554
438	69.1444
439	69.52385
440	69.1647
441	69.59653
442	69.0829
443	69.91418
444	69.55394
445	69.74805
446	69.74117
447	69.31941
448	69.70245
449	68.86247
450	69.15888
451	68.94325
452	69.77357
453	68.89522
454	68.33768
455	68.29921
456	68.16105
457	68.09753
458	68.08081
459	68.99001
460	68.15231
461	69.52644
462	68.76674
463	68.98621
464	68.91791
465	69.67494
466	69.21358
467	69.55949
468	69.17698
469	69.33598
470	69.40184
471	69.35493
472	70.04723
473	69.16879
474	69.10528
475	68.97108
476	69.1226
477	68.44773
478	68.48335
479	68.1468
480	68.09029
481	68.47299
482	67.47542
483	67.2701
484	67.84875
485	67.99776
486	68.41651
487	67.96084
488	68.59866
489	68.83401
490	69.26502
491	69.60336
492	69.20925
493	69.76971
494	69.51238
495	69.65767
496	69.5808
497	69.36375
498	69.06071
499	69.23518
500	68.97092
501	67.97111
502	68.04122
503	67.99541
504	68.09864
505	67.79269
506	67.79586
507	67.16514
508	67.34132
509	66.93742
510	66.3381
511	65.97376
512	66.13223
513	65.28286
514	65.86654
515	65.39491
516	65.41853
517	65.76347
518	65.77946
519	65.85535
520	66.19256
521	66.39558
522	66.5348
523	66.76625
524	65.89397
525	65.13995
526	63.7714
527	63.39137
528	64.07324
529	65.03722
530	66.31387
531	65.55332
532	64.77766
533	64.00363
534	63.65707
535	64.24681
536	64.64348
537	65.4305
538	66.04681
539	66.42294
540	66.06528
541	66.5737
542	67.17872
543	67.23573
544	67.50016
545	68.45867
546	68.69715
547	68.9109
548	69.03826
549	68.73436
550	68.98299
551	68.69665
552	68.22552
553	68.13349
554	68.36996
555	67.7774
556	67.90497
557	67.80973
558	67.53429
559	67.66388
560	67.7671
561	67.19281
562	67.53447
563	67.18639
564	66.31903
565	66.39993
566	65.17915
567	61.57449
568	57.48103
569	55.84182
570	55.69149
571	56.97181
572	60.27041
573	62.31144
574	63.04642
575	62.36178
576	61.64548
577	60.58096
578	60.12287
579	59.78936
580	59.89923
581	60.13214
582	60.37661
583	60.47361
584	58.93304
585	57.02298
586	53.83026
587	52.35189
588	52.52371
589	50.76886
590	49.46717
591	50.98392
592	53.65213
593	54.27032
594	53.81228
595	54.80828
596	55.40832
597	55.5543
598	56.63351
599	59.73244
600	62.59302
601	63.98217
602	64.72434
603	66.10469
604	66.9634
605	67.48798
606	68.06844
607	68.55589
608	68.76401
609	68.91846
610	69.21555
611	69.54861
612	69.86141
613	69.47653
614	69.70437
615	69.51963
616	70.2102
617	69.96888
618	69.97194
619	70.44376
620	69.92718
621	69.83678
622	69.97303
623	70.06122
624	70.43143
625	69.99175
626	70.3454
627	70.47047
628	69.9448
629	70.42074
630	70.25414
631	70.35452
632	70.72612
633	70.71812
634	71.02905
635	70.87286
636	70.98677
637	70.98788
638	71.01179
639	70.78387
640	71.33946
641	70.96593
642	71.27548
643	71.07041
644	71.05902
645	71.45561
646	71.26147
647	70.97976
648	71.43886
649	71.48728
650	71.4873
651	71.42856
652	71.57771
653	71.28612
654	71.47533
655	71.50963
656	71.46857
657	71.47152
658	71.48621
659	71.72343
660	71.69901
661	71.36083
662	71.79994
663	71.8026
664	71.50299
665	71.82229
666	71.42429
667	72.34364
668	71.17249
669	71.55695
670	71.19953
671	71.39133
672	71.03615
673	71.00278
674	71.05177
675	71.32803
676	71.15532
677	71.27901
678	72.00845
679	71.72079
680	71.60548
681	71.40081
682	71.8653
683	70.99025
684	70.51366
685	71.1934
686	71.54265
687	71.67726
688	72.04459
689	71.97955
690	72.27466
691	72.47807
692	72.46246
693	72.40144
694	72.05452
695	72.50185
696	72.57975
697	72.78214
698	73.19991
699	72.76209
700	72.75242
701	72.50523
702	72.03201
703	72.29582
704	72.66418
705	73.68645
706	72.3965
707	72.28479
708	72.94527
709	72.8213
710	72.42403
711	72.6772
712	71.95827
713	72.93384
714	73.14542
715	71.7543
716	71.87096
717	72.51692
718	72.15244
719	72.74504
720	72.64404
721	72.36273
722	71.70456
723	72.03619
724	71.84607
725	71.89027
726	70.6906
727	70.68445
728	70.7757
729	69.54547
730	69.54299
731	68.60758
732	68.64971
733	66.99454
734	65.34191
735	64.32782
736	62.90667
737	63.01936
738	64.74371
739	65.35184
740	65.79585
741	64.96469
742	65.07537
743	65.5442
744	66.01704
745	66.53239
746	65.97215
747	64.60362
748	63.63532
749	63.75404
750	65.44077
751	66.71992
752	65.98064
753	66.28394
754	67.2737
755	68.0459
756	69.91441
757	68.50839
758	68.81512
759	68.60867
760	68.34792
761	68.73724
762	69.47737
763	70.16341
764	71.49603
765	72.27551
766	71.75043
767	73.06015
768	72.70306
769	72.30347
770	71.82952
771	71.81328
772	71.34599
773	72.47842
774	71.39684
775	72.73666
776	71.68289
777	70.67562
778	71.24905
779	71.06151
780	70.48881
781	69.47924
782	71.1078
783	72.51566
784	70.85475
785	71.00256
786	71.05202
787	71.42377
788	69.45911
789	69.37655
790	67.86132
791	66.77303
792	67.4891
793	66.18516
794	65.83965
795	65.89706
796	66.26846
797	67.20012
798	65.73688
799	66.04902
800	69.24887
801	73.35381
802	69.55672
803	70.93092
804	69.96311
805	68.89896
806	69.62801
807	71.72034
808	73.76624
809	66.72665
810	72.38204
811	70.94225
812	70.58642
813	75.52143
814	66.47279
815	72.49774
816	68.41547
817	71.33662
818	73.05904
819	72.04573
820	74.14375
821	72.4716
822	74.53637
823	72.05766
824	69.96916
825	72.81264
826	75.80483
827	72.45427
828	72.96523
829	74.2066
830	71.0138
831	75.60805
832	71.49386
833	73.9068
834	74.65697
835	74.33343
836	76.01799
837	73.7758
838	75.4608
839	75.91556
840	74.24277
841	75.43687
842	71.28828
843	75.12798
844	73.35601
845	75.45958
846	75.21304
847	71.4867
848	75.02267
849	74.21609
850	75.71219
851	73.59116
852	75.66652
853	71.82993
854	74.91936
855	76.6353
856	75.44887
857	73.97985
858	73.73711
859	75.70195
860	75.60264
861	74.37662
862	73.13057
863	73.98055
864	73.18782
865	73.10928
866	75.22655
867	72.53809
868	73.40173
869	74.11157
870	74.73522
871	74.26321
872	75.18206
873	74.32552
874	74.52725
875	74.47862
876	74.34438
877	75.05044
878	73.47877
879	73.97816
880	74.81239
881	74.90446
882	74.24091
883	73.08851
884	74.40305
885	73.69773
886	74.48016
887	74.54266
888	74.5202
889	73.81268
890	74.19201
891	74.61387
892	75.47313
893	74.53705
894	74.70013
895	73.99599
896	74.58709
897	74.14612
898	74.95605
899	74.09016
900	75.22064
901	75.11639
902	75.11021
903	74.66149
904	74.72702
905	74.60419
906	74.52511
907	74.53645
908	75.4948
909	75.12389
910	74.80753
911	74.76953
912	75.47513
913	75.2618
914	74.69344
915	75.67442
916	75.33609
917	74.59592
918	75.02985
919	74.90051
920	75.35263
921	75.16078
922	74.91635
923	74.98269
924	74.88025
925	75.11292
926	75.09558
927	75.51438
928	74.96374
929	74.98595
930	74.96775
931	75.49553
932	75.15776
933	75.59671
934	75.08553
935	75.19129
936	75.58879
937	75.1969
938	75.33413
939	75.43069
940	75.34431
941	75.2802
942	75.47157
943	75.09446
944	75.11781
945	74.80222
946	75.50518
947	75.54945
948	75.51471
949	75.62364
950	75.35066
951	75.03062
952	75.23731
953	75.09264
954	75.25851
955	75.42117
956	74.98236
957	75.24297
958	75.11462
959	75.36543
960	75.31006
961	75.26533
962	75.519
963	75.36671
964	75.40274
965	75.3796
966	75.32841
967	75.30647
968	75.70748
969	75.20674
970	75.50202
971	75.31409
972	75.56372
973	75.632
974	75.68597
975	75.57012
976	75.3075
977	75.27802
978	75.71351
979	75.53585
980	75.27412
981	75.55359
982	75.71611
983	75.38242
984	75.55901
985	75.33097
986	75.65705
987	75.75078
988	75.4705
989	75.51409
990	75.48783
991	75.43256
992	75.66642
993	75.74616
994	75.66565
995	75.55219
996	75.45492
997	75.78388
998	75.54031
999	75.33259
1000	75.84756