200	11.56396
201	10.60838
202	10.00691
203	10.26406
204	10.70852
205	10.72233
206	9.71772
207	10.27787
208	10.78774
209	10.48481
210	10.35652
211	10.20362
212	10.93516
213	10.40644
214	10.7716
215	10.79001
216	11.05527
217	11.09798
218	11.21489
219	12.05171
220	11.80587
221	12.40169
222	12.4288
223	13.54802
224	14.6029
225	15.31079
226	15.6397
227	16.01628
228	15.84826
229	16.16623
230	15.88151
231	16.09703
232	16.49245
233	16.97391
234	18.49171
235	21.23313
236	25.57631
237	28.60065
238	29.35456
239	29.27984
240	29.48862
241	29.48411
242	29.40224
243	29.08069
244	29.33031
245	28.78563
246	28.88651
247	29.18845
248	28.19546
249	28.19052
250	28.06273
251	28.07899
252	27.99389
253	27.69351
254	27.11764
255	27.70984
256	27.21618
257	27.17536
258	26.98246
259	26.93328
260	27.05745
261	26.65102
262	26.57232
263	26.56831
264	26.38751
265	26.22517
266	26.4549
267	26.51857
268	26.04619
269	26.18202
270	26.42422
271	26.30093
272	26.43208
273	26.15956
274	26.14161
275	26.25747
276	25.87245
277	26.28628
278	26.32842
279	26.40374
280	26.86288
281	26.5312
282	26.52683
283	27.01339
284	26.70372
285	27.08256
286	27.21815
287	27.10561
288	27.41281
289	27.37256
290	27.27352
291	27.91816
292	28.09483
293	28.09733
294	28.15222
295	28.37073
296	28.65899
297	28.45401
298	28.83777
299	28.62772
300	28.78818
301	28.73862
302	28.84771
303	28.65371
304	28.47099
305	28.98096
306	28.84409
307	29.00157
308	29.01806
309	29.10575
310	29.13441
311	28.92283
312	28.99752
313	29.35892
314	29.10329
315	29.07036
316	28.80723
317	29.15631
318	28.57343
319	28.86779
320	29.67593
321	29.27828
322	28.86288
323	29.23686
324	29.37344
325	29.19851
326	28.96249
327	28.96755
328	29.99482
329	28.94258
330	28.9508
331	29.62786
332	29.36798
333	29.5248
334	29.45471
335	29.92757
336	29.85812
337	29.88064
338	29.29223
339	30.33654
340	29.14591
341	29.81364
342	30.03367
343	30.00908
344	30.20415
345	29.946
346	29.70433
347	30.06411
348	29.60826
349	30.10051
350	28.28757
351	28.18692
352	30.09807
353	28.9239
354	30.72158
355	29.62454
356	29.73746
357	29.01006
358	30.80476
359	30.06769
360	28.11824
361	30.07469
362	29.3846
363	30.22939
364	29.50979
365	31.75212
366	31.17359
367	29.02016
368	29.59739
369	30.60006
370	29.8023
371	30.28561
372	29.95351
373	30.41827
374	29.73626
375	30.25736
376	30.39991
377	30.45342
378	32.21913
379	30.07759
380	31.29897
381	30.81996
382	30.6055
383	29.88282
384	30.11593
385	32.1569
386	31.2708
387	31.8619
388	30.4148
389	30.60772
390	30.82801
391	29.92057
392	30.41696
393	30.43716
394	31.36359
395	31.22027
396	30.77398
397	31.031
398	31.41747
399	30.76577
400	30.72046
401	31.03649
402	30.56939
403	30.62175
404	30.59977
405	31.06337
406	31.01049
407	30.73647
408	31.36855
409	31.26178
410	31.5242
411	31.47666
412	31.7951
413	31.32714
414	31.71891
415	31.29185
416	31.39081
417	31.38029
418	31.84009
419	31.59209
420	32.06699
421	31.2213
422	31.83978
423	31.47519
424	31.42969
425	31.9166
426	32.05631
427	31.4011
428	31.63327
429	32.06922
430	32.32128
431	31.86236
432	32.25154
433	32.16885
434	32.09216
435	32.01451
436	32.1992
437	31.98477
438	32.60093
439	32.27004
440	32.42659
441	32.66035
442	32.49359
443	32.80608
444	32.24532
445	32.05682
446	32.68946
447	32.52752
448	32.62502
449	32.095
450	32.70744
451	32.58148
452	32.92873
453	32.45543
454	32.67651
455	32.7464
456	32.80783
457	33.14471
458	32.92576
459	32.71785
460	32.68593
461	33.10699
462	32.94511
463	32.99553
464	32.84277
465	33.16897
466	32.89516
467	33.10675
468	32.78215
469	33.11693
470	33.06652
471	32.86338
472	33.35127
473	33.01051
474	33.61106
475	33.20938
476	33.33951
477	32.99018
478	33.17647
479	33.23125
480	33.06937
481	33.57941
482	33.73545
483	33.64612
484	33.39629
485	33.67107
486	33.81627
487	33.36738
488	33.61449
489	33.82177
490	33.54595
491	33.97913
492	33.39278
493	33.72063
494	33.5432
495	33.88232
496	33.9875
497	33.8415
498	33.6362
499	33.50857
500	33.73047
501	33.34081
502	33.65361
503	33.80799
504	33.9864
505	33.52238
506	33.94693
507	33.97961
508	33.92871
509	34.09414
510	33.93317
511	33.83712
512	33.9541
513	33.95882
514	33.7206
515	33.77055
516	34.1279
517	33.97933
518	34.03816
519	33.92448
520	33.67637
521	34.13269
522	34.04016
523	34.36825
524	34.07162
525	34.11572
526	33.98159
527	34.42276
528	34.30341
529	34.02257
530	34.42203
531	34.08976
532	34.14809
533	34.0183
534	34.25066
535	34.39931
536	34.19281
537	34.2163
538	34.3377
539	34.11952
540	34.24724
541	34.47323
542	34.3517
543	34.1363
544	34.16291
545	34.68722
546	34.22726
547	34.64
548	34.64907
549	34.64727
550	34.23964
551	34.56592
552	34.29253
553	34.46711
554	34.56956
555	34.65549
556	34.47596
557	34.57608
558	34.43089
559	34.37113
560	34.39432
561	34.22125
562	34.44329
563	34.62364
564	34.38599
565	34.80796
566	34.61398
567	34.79054
568	34.74677
569	34.66335
570	34.82773
571	34.80922
572	34.70366
573	34.80978
574	34.9491
575	34.91247
576	34.77859
577	34.55461
578	34.51137
579	34.77257
580	34.67621
581	34.86725
582	34.87277
583	34.77391
584	34.73777
585	34.85197
586	34.66817
587	34.70088
588	34.76088
589	34.78442
590	35.08864
591	34.86549
592	34.76709
593	34.76633
594	34.98817
595	34.88965
596	34.88478
597	34.89879
598	34.90582
599	34.75995
600	34.83526
601	34.96846
602	34.88566
603	34.89598
604	34.93305
605	34.89604
606	35.0679
607	35.15992
608	34.97545
609	34.92321
610	35.13869
611	35.17704
612	35.24541
613	35.24395
614	34.92021
615	34.83026
616	35.14856
617	35.29348
618	35.01723
619	35.09393
620	35.16254
621	35.21187
622	35.0994
623	35.22996
624	35.367
625	35.14135
626	35.18607
627	35.16666
628	35.28862
629	35.45151
630	35.26657
631	35.28632
632	35.35917
633	35.36477
634	35.50718
635	35.42352
636	35.28314
637	35.44432
638	35.35846
639	35.31112
640	35.6465
641	35.46851
642	35.63317
643	35.34537
644	35.32285
645	35.47142
646	35.49263
647	35.66969
648	35.51399
649	35.46096
650	35.55283
651	35.48829
652	35.5267
653	35.39898
654	35.55622
655	35.50078
656	35.52034
657	35.75053
658	35.40521
659	35.69496
660	35.6805
661	35.65312
662	35.65269
663	35.61661
664	35.49262
665	35.72649
666	35.44605
667	35.74668
668	35.53491
669	35.84177
670	35.4824
671	35.86068
672	35.91661
673	35.83118
674	35.80619
675	35.85986
676	35.62816
677	35.96014
678	36.02349
679	35.92678
680	35.79139
681	35.84876
682	35.87841
683	35.84909
684	35.80184
685	35.8392
686	35.90439
687	35.68591
688	35.86377
689	35.69563
690	35.96096
691	35.99606
692	36.17221
693	35.94561
694	35.7874
695	36.1721
696	36.2396
697	36.10495
698	36.24237
699	35.93125
700	35.80061
701	35.83762
702	35.95411
703	35.8399
704	36.30426
705	36.12022
706	35.81417
707	36.13424
708	36.03772
709	36.23759
710	36.04644
711	36.25313
712	36.33451
713	36.25958
714	36.57555
715	36.08032
716	36.05222
717	35.9805
718	36.08038
719	36.48925
720	36.69723
721	36.22672
722	36.69291
723	36.71098
724	36.28718
725	36.5872
726	36.21672
727	36.4374
728	36.55769
729	36.75153
730	36.25594
731	36.86643
732	36.89396
733	37.41489
734	36.38027
735	36.81083
736	36.39784
737	36.71664
738	36.53046
739	36.71419
740	36.69349
741	36.86255
742	36.5789
743	36.84434
744	36.53582
745	36.70927
746	37.12297
747	36.75517
748	36.93855
749	37.44439
750	36.63913
751	36.99475
752	36.83482
753	36.46221
754	37.19247
755	36.36097
756	37.10812
757	36.74065
758	36.41296
759	36.71495
760	36.51577
761	36.57456
762	36.67411
763	37.07419
764	37.35657
765	37.47456
766	37.52982
767	37.27008
768	37.4948
769	37.23151
770	37.15107
771	37.25526
772	37.2775
773	37.34579
774	37.09575
775	37.60847
776	37.07475
777	37.1602
778	37.35351
779	37.49163
780	37.208
781	37.36528
782	37.76938
783	37.38081
784	38.10572
785	37.86527
786	37.82355
787	37.28471
788	36.96611
789	37.16253
790	37.40557
791	37.19603
792	37.53811
793	37.3622
794	37.56103
795	36.97295
796	38.29265
797	38.3756
798	37.12874
799	37.67253
800	35.91843
801	37.56323
802	37.76894
803	38.48288
804	34.44044
805	37.40412
806	41.49536
807	36.50671
808	35.62323
809	37.44226
810	36.80149
811	35.40422
812	35.69404
813	36.26588
814	34.17091
815	38.7132
816	33.61359
817	35.8117
818	34.47721
819	35.48763
820	38.9469
821	38.95409
822	36.73307
823	38.12161
824	34.52304
825	35.90824
826	39.8858
827	37.8766
828	35.02321
829	37.25892
830	36.5224
831	34.51944
832	35.867
833	37.452
834	35.06066
835	38.27262
836	39.92416
837	39.34905
838	38.05534
839	36.93615
840	36.90415
841	38.38593
842	36.17058
843	37.22624
844	34.55558
845	35.15662
846	36.01434
847	36.78856
848	35.61131
849	36.71824
850	36.69545
851	39.11207
852	38.46396
853	37.36388
854	37.9412
855	36.15368
856	37.65624
857	38.18044
858	36.77383
859	36.89837
860	37.99274
861	36.68989
862	35.7934
863	37.80319
864	36.64594
865	35.76558
866	38.65699
867	37.16433
868	36.72665
869	36.48407
870	37.9675
871	36.5498
872	38.30006
873	38.89308
874	36.74946
875	36.83496
876	37.84387
877	36.41982
878	37.18553
879	38.35849
880	37.02014
881	38.84806
882	36.29063
883	37.78169
884	37.83014
885	37.35694
886	36.54948
887	38.8731
888	37.60778
889	38.04612
890	36.95923
891	37.63607
892	37.57429
893	37.66166
894	37.48762
895	38.18737
896	38.14137
897	37.9658
898	37.56929
899	37.24915
900	38.03824
901	38.41023
902	37.58263
903	37.92321
904	37.68842
905	38.01726
906	38.01798
907	37.62101
908	38.0795
909	38.14895
910	38.27259
911	37.55544
912	37.96616
913	38.10153
914	38.34671
915	38.62304
916	38.1213
917	37.8113
918	37.6837
919	37.51407
920	37.90482
921	38.04179
922	37.91986
923	38.05265
924	38.3316
925	38.2412
926	37.44947
927	38.38858
928	37.7926
929	38.35098
930	37.73508
931	38.30948
932	38.07058
933	38.1908
934	37.95351
935	38.42784
936	38.61918
937	38.02033
938	38.22286
939	37.91668
940	38.04875
941	38.25539
942	38.24135
943	38.56297
944	38.29641
945	38.4908
946	38.16406
947	38.1315
948	38.10413
949	38.14441
950	38.53354
951	38.12823
952	38.4097
953	38.41626
954	38.5555
955	38.32845
956	38.4087
957	38.18131
958	38.42501
959	38.44527
960	38.43256
961	38.32384
962	38.55103
963	38.4581
964	38.32722
965	38.43985
966	38.50962
967	38.47039
968	38.69549
969	38.44234
970	38.5547
971	38.60819
972	38.4479
973	38.5255
974	38.44627
975	38.52348
976	38.67588
977	38.47303
978	38.71746
979	38.87557
980	38.56321
981	38.49505
982	38.4943
983	38.53994
984	38.66601
985	38.60524
986	38.64153
987	38.60104
988	38.73491
989	38.65947
990	38.66704
991	38.5537
992	38.58326
993	38.7457
994	38.5911
995	38.70065
996	38.62698
997	38.8228
998	38.58422
999	38.73197
1000	38.86482