200	4.72607
201	6.47008
202	6.29446
203	5.07213
204	5.22816
205	5.10086
206	4.7297
207	4.87735
208	4.42034
209	4.21978
210	4.18156
211	3.6873
212	3.90495
213	3.85206
214	4.05572
215	3.58035
216	3.73054
217	3.88212
218	3.48126
219	3.8875
220	3.86795
221	3.88526
222	4.39433
223	4.18805
224	4.6331
225	4.64779
226	4.72941
227	4.9855
228	5.15539
229	5.38654
230	5.68643
231	5.85604
232	5.95807
233	6.18567
234	6.30045
235	6.40519
236	6.50099
237	6.5929
238	6.80077
239	6.70444
240	6.74378
241	6.621
242	6.61404
243	6.5343
244	6.40279
245	6.22425
246	5.95035
247	5.91715
248	5.57788
249	5.55399
250	5.31301
251	5.14339
252	4.93443
253	4.806
254	4.56607
255	4.33264
256	4.28743
257	4.23289
258	4.09389
259	4.05871
260	3.97923
261	3.88657
262	3.87537
263	3.87771
264	3.86786
265	3.75066
266	3.74979
267	3.74988
268	3.70473
269	3.81842
270	3.79866
271	3.85421
272	3.749
273	3.71572
274	3.69082
275	3.70346
276	3.68615
277	3.7751
278	3.75897
279	3.74445
280	3.75296
281	3.78191
282	3.76447
283	3.70721
284	3.76305
285	3.72812
286	3.85199
287	3.86512
288	3.77859
289	3.71731
290	3.74482
291	3.76321
292	3.9579
293	3.71815
294	3.76705
295	3.80443
296	3.75796
297	3.70259
298	3.86577
299	3.71759
300	3.72251
301	3.77248
302	3.72282
303	3.92038
304	3.83881
305	3.64545
306	3.76282
307	3.75332
308	3.66629
309	3.77102
310	3.80675
311	3.92661
312	3.85802
313	4.03041
314	3.83349
315	3.80265
316	3.8758
317	3.9209
318	3.87617
319	3.91689
320	3.97827
321	3.87938
322	3.92312
323	3.82441
324	3.94579
325	4.00627
326	3.46091
327	3.86894
328	4.11553
329	4.0585
330	3.97293
331	3.98254
332	4.0518
333	3.92682
334	3.97061
335	3.95557
336	4.03406
337	4.21333
338	4.02613
339	4.15335
340	4.2699
341	4.1683
342	3.55464
343	4.15745
344	4.10356
345	4.0547
346	4.02193
347	4.22632
348	4.20905
349	4.11616
350	0.61392
351	4.74838
352	5.8859
353	5.30866
354	5.79284
355	5.80276
356	5.28999
357	4.0568
358	6.59079
359	3.8631
360	5.32079
361	4.73963
362	3.84523
363	5.46091
364	5.37515
365	5.65889
366	4.76946
367	4.93648
368	5.74658
369	4.74635
370	6.14065
371	6.24673
372	5.37656
373	3.82744
374	4.99529
375	4.35587
376	6.49396
377	4.87858
378	5.2358
379	6.10241
380	6.16959
381	7.2383
382	7.61627
383	9.15291
384	10.97319
385	13.62398
386	15.61834
387	19.68946
388	21.52445
389	26.79831
390	30.808
391	34.0886
392	39.02523
393	44.42292
394	47.25446
395	50.02887
396	50.99071
397	52.53797
398	53.57884
399	52.91569
400	53.2236
401	52.52736
402	54.45376
403	53.853
404	53.58859
405	54.2303
406	54.06976
407	54.42233
408	54.23605
409	53.84932
410	54.40546
411	55.31939
412	54.81333
413	53.63105
414	55.39898
415	53.88362
416	54.62105
417	53.84063
418	55.03602
419	54.75682
420	55.29308
421	54.58661
422	54.72313
423	54.33727
424	54.84843
425	54.86111
426	54.38899
427	55.11197
428	55.46051
429	55.17665
430	55.52561
431	55.37385
432	55.28513
433	55.56362
434	54.75116
435	55.38079
436	55.19114
437	55.35305
438	55.60072
439	55.16772
440	55.30225
441	55.4988
442	54.97169
443	55.85028
444	55.43148
445	55.50373
446	55.95303
447	55.07213
448	55.26551
449	55.61012
450	55.09355
451	55.99538
452	55.90149
453	55.61139
454	55.75114
455	55.7766
456	55.71706
457	55.82973
458	55.15844
459	55.56626
460	55.47903
461	55.91212
462	55.89713
463	55.27968
464	55.29404
465	55.87642
466	55.72666
467	55.47916
468	55.15011
469	55.59703
470	55.69227
471	55.63165
472	55.83681
473	55.71206
474	56.03992
475	55.39644
476	55.96308
477	55.4927
478	55.57049
479	55.17392
480	55.6545
481	55.98051
482	55.98223
483	55.90573
484	55.51551
485	55.57895
486	55.89696
487	55.65574
488	55.94878
489	55.85519
490	55.74585
491	55.83886
492	55.68808
493	55.62072
494	55.50403
495	55.70515
496	55.86936
497	55.84434
498	55.43427
499	55.76636
500	55.68563
501	55.23456
502	55.72907
503	55.61802
504	55.6588
505	55.27493
506	55.69271
507	55.76854
508	55.9494
509	55.40814
510	55.69031
511	55.56295
512	55.60301
513	55.50244
514	55.7129
515	55.41476
516	55.77603
517	55.96371
518	55.77235
519	55.48746
520	55.7979
521	55.50573
522	55.67818
523	55.82594
524	55.44075
525	55.70448
526	55.85442
527	55.90426
528	56.05248
529	55.49046
530	56.11633
531	55.29373
532	55.53067
533	55.91968
534	55.63123
535	55.594
536	55.8555
537	55.45029
538	55.60015
539	55.59509
540	55.97906
541	55.88171
542	55.57062
543	55.59053
544	55.47088
545	55.52913
546	55.82179
547	55.73518
548	55.90511
549	56.07522
550	55.23401
551	55.88254
552	56.09126
553	55.69156
554	55.74549
555	55.76401
556	55.92878
557	55.58524
558	55.83839
559	55.87897
560	55.94786
561	55.69581
562	56.0342
563	55.81132
564	55.77565
565	55.69432
566	55.97065
567	56.27918
568	55.83004
569	56.31631
570	56.32606
571	55.55015
572	55.98155
573	55.94047
574	56.58377
575	56.39156
576	56.14472
577	56.09959
578	56.45034
579	55.98218
580	56.15764
581	56.36929
582	56.39627
583	56.13267
584	56.20732
585	56.69631
586	56.56203
587	56.46634
588	56.62098
589	56.6447
590	56.62686
591	56.43357
592	56.45424
593	56.46921
594	56.64758
595	56.64349
596	56.53036
597	56.59081
598	56.82583
599	56.54266
600	56.40894
601	56.63844
602	56.47719
603	56.56818
604	56.65964
605	56.92533
606	56.42221
607	56.7477
608	56.36008
609	56.57402
610	56.72276
611	56.58841
612	56.74217
613	56.52407
614	56.7421
615	56.67754
616	56.73082
617	56.91714
618	56.80936
619	56.62138
620	56.81094
621	56.61694
622	56.58445
623	56.81183
624	57.07545
625	56.69574
626	57.15443
627	56.80646
628	56.90988
629	56.87976
630	56.82988
631	56.61306
632	56.99109
633	57.13687
634	57.0954
635	57.06166
636	56.96351
637	57.00901
638	56.76652
639	56.75023
640	57.10229
641	57.01706
642	57.27573
643	56.67596
644	56.99731
645	57.19941
646	57.01315
647	56.82889
648	57.07518
649	57.29734
650	57.36601
651	57.08363
652	56.78495
653	57.0407
654	57.01657
655	57.29543
656	57.08017
657	57.12182
658	56.84263
659	57.4463
660	57.11953
661	56.94458
662	56.96267
663	57.1007
664	57.13593
665	57.29933
666	56.91722
667	57.21611
668	56.8833
669	57.41982
670	56.99586
671	56.98702
672	57.03184
673	57.14439
674	57.03674
675	57.33268
676	57.01769
677	57.3978
678	57.70335
679	57.17049
680	56.96255
681	57.05867
682	56.96072
683	57.13734
684	56.68311
685	57.3489
686	57.13527
687	57.29644
688	57.32043
689	57.08037
690	57.08049
691	56.67134
692	57.07648
693	57.41778
694	57.244
695	57.10791
696	57.47743
697	57.15672
698	57.63093
699	57.39962
700	57.35048
701	56.82146
702	57.1818
703	57.1892
704	57.24524
705	57.44099
706	56.8525
707	56.95471
708	57.23921
709	57.51238
710	57.40602
711	57.30648
712	56.89114
713	57.15099
714	57.81456
715	56.97486
716	56.68676
717	57.31425
718	57.51228
719	57.9205
720	57.80227
721	57.45357
722	57.18559
723	57.66035
724	57.02419
725	57.87545
726	57.39328
727	57.67313
728	57.28939
729	57.38396
730	56.98989
731	57.61677
732	58.01443
733	57.82563
734	57.39003
735	57.93063
736	57.52329
737	57.0752
738	57.32892
739	57.3518
740	57.22083
741	57.1895
742	57.65193
743	57.21465
744	57.22043
745	57.9249
746	58.32957
747	58.12249
748	57.2994
749	58.52824
750	58.29359
751	57.61968
752	57.51923
753	57.78116
754	57.55772
755	57.63978
756	57.93114
757	57.81987
758	57.67027
759	57.60606
760	57.22707
761	57.76637
762	57.08786
763	57.17561
764	57.7324
765	57.98519
766	58.57253
767	57.80131
768	58.55
769	58.01033
770	58.09491
771	57.40679
772	58.12697
773	57.74596
774	58.05802
775	58.104
776	57.80766
777	59.26459
778	58.68705
779	58.08417
780	57.46527
781	58.34306
782	58.48692
783	58.67804
784	57.43751
785	58.28928
786	58.28264
787	59.1071
788	58.09764
789	58.5013
790	58.67757
791	56.87064
792	58.53244
793	57.98035
794	58.24071
795	57.94802
796	58.4952
797	58.96652
798	58.5705
799	57.0609
800	58.26279
801	61.2234
802	53.41148
803	55.16273
804	54.23451
805	56.66463
806	59.1289
807	52.7819
808	55.61242
809	54.46635
810	59.2645
811	53.44301
812	59.63896
813	56.56501
814	54.97609
815	58.09743
816	55.38725
817	54.61163
818	60.64084
819	56.36344
820	57.20301
821	54.35006
822	56.97503
823	56.82813
824	56.84364
825	54.42303
826	59.05117
827	57.20874
828	54.76607
829	55.3009
830	52.57746
831	57.40356
832	58.40628
833	57.53067
834	58.58165
835	58.86939
836	58.72442
837	57.63829
838	58.11244
839	60.1815
840	55.45199
841	54.90853
842	57.76638
843	57.73927
844	56.90178
845	55.44623
846	57.22553
847	55.90423
848	58.20306
849	59.07771
850	55.10287
851	58.80199
852	57.74998
853	54.56179
854	56.946
855	59.25219
856	58.53264
857	57.22606
858	58.11884
859	57.68129
860	58.76226
861	58.10689
862	57.42013
863	57.03037
864	55.49591
865	57.61131
866	57.63419
867	57.02876
868	58.20832
869	58.99747
870	58.11513
871	58.39833
872	58.46407
873	56.36629
874	58.13084
875	58.05739
876	57.83297
877	58.57489
878	57.71409
879	58.10143
880	59.14676
881	57.64269
882	58.30887
883	57.56642
884	58.43607
885	58.44805
886	58.75511
887	58.35833
888	57.64554
889	59.02383
890	57.96218
891	59.0722
892	58.45757
893	58.39993
894	59.27988
895	56.94251
896	57.57164
897	58.10044
898	58.83262
899	57.7075
900	58.20848
901	57.53811
902	58.70622
903	57.91808
904	58.41839
905	58.49784
906	58.2332
907	57.90672
908	58.94384
909	57.66671
910	58.62423
911	57.87761
912	58.81224
913	58.62395
914	58.23281
915	58.65747
916	58.2753
917	58.17387
918	58.28125
919	58.07038
920	58.10667
921	58.46799
922	58.31614
923	58.2821
924	58.21321
925	58.31184
926	58.35369
927	58.22009
928	58.34254
929	58.41381
930	58.06459
931	58.22427
932	57.9096
933	58.7896
934	58.87393
935	58.3963
936	58.24573
937	58.62041
938	58.58514
939	58.73718
940	58.96965
941	58.81373
942	58.16369
943	58.62923
944	58.35434
945	58.34733
946	58.57061
947	58.42966
948	58.29397
949	58.89386
950	58.58924
951	58.68575
952	58.98572
953	58.90729
954	58.65853
955	58.61151
956	58.30698
957	58.69391
958	58.56823
959	58.67141
960	58.74271
961	58.43306
962	58.79951
963	58.59938
964	58.69969
965	58.78187
966	58.50581
967	58.70637
968	59.03015
969	58.47591
970	58.97273
971	58.59184
972	58.82635
973	58.88874
974	58.97195
975	58.97427
976	58.72695
977	58.85894
978	58.82005
979	58.91016
980	58.56041
981	58.57788
982	58.62225
983	58.91065
984	58.95476
985	58.90723
986	58.8611
987	58.94946
988	58.87075
989	58.80049
990	58.87616
991	59.00222
992	58.83538
993	58.89313
994	59.02338
995	58.8173
996	58.84827
997	58.9768
998	58.82802
999	58.61868
1000	58.95612